function contactM = getcontactM()
contactM=[45.12284878   45.12284878   19.18628706    6.5186464     4.09411498 ...
    5.91442419   11.40130469   16.77370674   13.93439717   10.38008118 ...
    6.21973993    5.90821338    6.03373995    6.48979215    4.39976067 ...
    3.85623688    3.85623688;
    45.12284878   45.12284878   19.18628706    6.5186464     4.09411498 ...
    5.91442419   11.40130469   16.77370674   13.93439717   10.38008118 ...
    6.21973993    5.90821338    6.03373995    6.48979215    4.39976067 ...
    3.85623688    3.85623688;
    19.18628706   19.18628706  119.38889917   21.32688927    5.95655118 ...
    4.25532172    9.40242705   15.14094351   17.0614296    14.64337739 ...
    7.11849801    7.23455418    5.75854491    5.35068886    5.4398277 ...
    4.44508602    4.44508602;
    6.5186464     6.5186464    21.32688927  157.12440079   25.1799425 ...
    5.73663995    5.28057021    9.45481421   13.24168116   16.95831421 ...
    11.09945233    8.94270363    5.2020709     4.51100652    3.93878993 ...
    4.80407133    4.80407133;
    4.09411498    4.09411498    5.95655118   25.1799425   152.92521177 ...
    24.53055948   10.33948237    7.96251669   10.17631658   14.62913418 ...
    18.64018084   11.06061879    6.9466872     4.46275296    3.29344462 ...
    3.94000019    3.94000019;
    5.91442419    5.91442419    4.25532172    5.73663995   24.53055948 ...
    58.40447266   28.02129812   16.25545149   12.42605524   13.48930848 ...
    14.76009725   14.36869761    8.92734314    6.39403107    4.45657794 ...
    3.6990327     3.6990327 ;
    11.40130469   11.40130469    9.40242705    5.28057021   10.33948237 ...
    28.02129812   37.84013858   23.83055403   17.22614773   14.18234507 ...
    14.14769175   17.234734     12.49256722   10.26489509    7.97227345 ...
    4.46873207    4.46873207;
    16.77370674   16.77370674   15.14094351    9.45481421    7.96251669 ...
    16.25545149   23.83055403   33.34401715   24.74281866   19.29596368 ...
    15.16250385   13.92952538   13.10907655   13.88835095    9.29283197 ...
    4.55590402    4.55590402;
    13.93439717   13.93439717   17.0614296    13.24168116   10.17631658 ...
    12.42605524   17.22614773   24.74281866   31.83372966   23.02407408 ...
    17.39512164   14.42463956   11.11135267   13.60427869   12.11825596 ...
    5.21491236    5.21491236;
    10.38008118   10.38008118   14.64337739   16.95831421   14.62913418 ...
    13.48930848   14.18234507   19.29596368   23.02407408   27.47922494 ...
    20.39356725   16.29316912   11.7473241    12.20736205   11.3908161 ...
    6.65950043    6.65950043;
    6.21973993    6.21973993    7.11849801   11.09945233   18.64018084 ...
    14.76009725   14.14769175   15.16250385   17.39512164   20.39356725 ...
    25.36597032   18.67366869   12.69670095   10.11900951    7.4934438 ...
    7.8625974     7.8625974 ;
    5.90821338    5.90821338    7.23455418    8.94270363   11.06061879 ...
    14.36869761   17.234734     13.92952538   14.42463956   16.29316912 ...
    18.67366869   21.33874847   17.56013238   11.83842299    8.19188011 ...
    7.65431236    7.65431236;
    6.03373995    6.03373995    5.75854491    5.2020709     6.9466872 ...
    8.92734314   12.49256722   13.10907655   11.11135267   11.7473241 ...
    12.69670095   17.56013238   24.43225222   17.23621743   10.94364547 ...
    7.83278933    7.83278933;
    6.48979215    6.48979215    5.35068886    4.51100652    4.46275296 ...
    6.39403107   10.26489509   13.88835095   13.60427869   12.20736205 ...
    10.11900951   11.83842299   17.23621743   22.6948375    15.86181546 ...
    11.56397713   11.56397713;
    4.39976067    4.39976067    5.4398277     3.93878993    3.29344462 ...
    4.45657794    7.97227345    9.29283197   12.11825596   11.3908161 ...
    7.4934438     8.19188011   10.94364547   15.86181546   19.12523167 ...
    13.87731704   13.87731704;
    3.85623688    3.85623688    4.44508602    4.80407133    3.94000019 ...
    3.6990327     4.46873207    4.55590402    5.21491236    6.65950043 ...
    7.8625974     7.65431236    7.83278933   11.56397713   13.87731704 ...
    13.22612684   13.22612684;
    3.85623688    3.85623688    4.44508602    4.80407133    3.94000019 ...
    3.6990327     4.46873207    4.55590402    5.21491236    6.65950043 ...
    7.8625974     7.65431236    7.83278933   11.56397713   13.87731704 ...
    13.22612684   13.22612684;];