%% the first day is Sept. 1, 2009, the second col is the US total vaccine dose number
Vac_date_num = [42,9772600;43,1457000;44,193300;45,230800;46,715000;49,468900;50,960100;51,273200;52,1441100;53,569100;56,3093500;57,3263800;58,722300;59,1667800;60,1857900;63,3347400;64,1805400;65,490400;66,3289200;67,2419300;70,1685200;71,1347600;72,226200;73,344300;74,1362600;77,4650100;78,833300;79,1367700;80,2088500;81,2201700;84,4794900;85,630700;86,1651200;88,1115700;91,4541100;92,2106800;93,1244900;94,2023000;95,361700;98,8739200;99,1202400;100,70000;101,2544600;102,1673000;105,6038600;106,1745000;107,1757100;108,3054300;109,643200;112,7074000;113,629800;114,0;115,2691200;119,1470000;120,4319000;121,1974400;122,0;126,12145500;127,0;128,1274800;129,4320200;130,1377700;133,338300;134,671600;135,33400;136,531800;137,399600;141,2268700;142,2489700];
Vac_date_num(:,1) = Vac_date_num(:,1)+7;